epoch:0 0.0169  0.0550  0.0051  0.0000  0.0014  0.0228  0.0304  0.0593  0.0602  0.0000  0.0035  0.0795  0.9123  0.005000
epoch:1 0.0596  0.1779  0.0202  0.0000  0.0107  0.0805  0.1008  0.1638  0.1655  0.0001  0.0334  0.2169  0.6599  0.005000
epoch:2 0.0756  0.2212  0.0262  0.0002  0.0159  0.1043  0.1210  0.1934  0.1972  0.0041  0.0612  0.2556  0.6026  0.005000
epoch:3 0.1004  0.2816  0.0408  0.0021  0.0341  0.1366  0.1608  0.2723  0.2809  0.0084  0.1260  0.3520  0.5774  0.005000
epoch:4 0.1141  0.3108  0.0494  0.0012  0.0344  0.1515  0.1676  0.2568  0.2617  0.0048  0.1007  0.3324  0.5613  0.005000
epoch:5 0.1899  0.4604  0.1103  0.0077  0.0907  0.2363  0.2326  0.3331  0.3403  0.0434  0.1981  0.4079  0.5017  0.005000
epoch:6 0.2223  0.5086  0.1473  0.0177  0.1061  0.2761  0.2576  0.3658  0.3736  0.0618  0.2347  0.4400  0.4549  0.005000
epoch:8 0.2908  0.6002  0.2411  0.0409  0.1784  0.3455  0.3106  0.4351  0.4448  0.1122  0.3152  0.5084  0.3910  0.001650
epoch:9 0.2984  0.6057  0.2557  0.0371  0.1825  0.3540  0.3157  0.4405  0.4500  0.0958  0.3161  0.5162  0.3799  0.001650
epoch:10 0.3092  0.6233  0.2680  0.0465  0.1925  0.3677  0.3214  0.4414  0.4484  0.1012  0.3118  0.5166  0.3719  0.001650
epoch:11 0.3141  0.6243  0.2796  0.0418  0.1955  0.3722  0.3262  0.4488  0.4564  0.1056  0.3187  0.5243  0.3605  0.000545
epoch:12 0.3155  0.6260  0.2806  0.0460  0.1965  0.3734  0.3271  0.4486  0.4565  0.1138  0.3225  0.5212  0.3582  0.000545
epoch:13 0.3205  0.6302  0.2887  0.0454  0.1996  0.3792  0.3279  0.4528  0.4603  0.1132  0.3222  0.5274  0.3557  0.000545
epoch:14 0.3206  0.6310  0.2900  0.0505  0.1980  0.3804  0.3281  0.4507  0.4590  0.1150  0.3244  0.5243  0.3501  0.000180
epoch:15 0.3223  0.6319  0.2967  0.0447  0.1987  0.3821  0.3319  0.4534  0.4608  0.1171  0.3193  0.5293  0.3495  0.000180
epoch:16 0.3212  0.6327  0.2921  0.0465  0.1986  0.3810  0.3314  0.4509  0.4586  0.1207  0.3179  0.5261  0.3480  0.000180
epoch:17 0.3217  0.6329  0.2873  0.0464  0.1988  0.3812  0.3309  0.4518  0.4595  0.1182  0.3203  0.5263  0.3476  0.000059
epoch:18 0.3219  0.6348  0.2891  0.0487  0.1997  0.3815  0.3328  0.4531  0.4603  0.1176  0.3209  0.5271  0.3458  0.000059
epoch:19 0.3217  0.6320  0.2909  0.0462  0.1990  0.3818  0.3316  0.4545  0.4621  0.1139  0.3218  0.5312  0.3468  0.000059
